x_filter:
    in_coef: [1.643135056635913e-05, 0.0, -6.572540226543666e-05, 0.0, 9.858810339815453e-05, 0.0, -6.572540226543666e-05, 0.0, 1.643135056635913e-05]
    out_coef: [-7.287761765726432, 23.582423739592414, -44.229997395458554, 52.57342497957119, -40.55046394587605, 19.822155650312638, -5.616308743509449, 0.7065973465555169]
y_filter:
    in_coef: [7.62675665793663e-07, 0.0, -3.8133783289683034e-06, 9.094866014372954e-22, 7.626756657936642e-06, 3.4105747553898575e-22, -7.626756657936642e-06, 9.094866014372954e-22, 3.8133783289683034e-06, 0.0, -7.62675665793663e-07]
    out_coef: [-8.048659237520502, 30.520784823031182, -71.39295333588203, 113.7582416102902, -128.82561178622748, 104.95782891793472, -60.77423407500118, 23.9714011514723, -5.832566810740569, 0.6686357874530128]
smooth_filter:
    in_coef: [2.2950287114782458e-07, 1.377017226886948e-06, 3.4425430672173687e-06, 4.590057422956495e-06, 3.4425430672173687e-06, 1.377017226886948e-06, 2.2950287114782458e-07]
    out_coef: [-5.363970931449179, 12.018974609733219, -14.397364257687748, 9.722894948876634, -3.5093529511390202, 0.5288332698498343]
